0.0560207134591266
