0.000760166585896671
